Generated by: Custom Simulation of hexamers for CD20 evaluation (RESI paper)
Height: 153.84615384615384
Pixelsize: 130
Width: 153.84615384615384
